# This is CartPole simulation from 28.06.2021 at time 13:43:35
# Done with git-revision: 9ab54784c4cae4d1816f9bc65ccb823c72761456
#
# Length of experiment: 5 s
#
# Time intervals dt:
# Simulation: 0.002 s
# Controller update: 0.02 s
# Saving: 0.02 s
#
# Controller: mppi
#
# Parameters:
# m: 0.087
# M: 0.23
# L: 0.1975
# u_max: 6.21
# M_fric: 6.34
# J_fric: 0.00025
# v_max: 0.8
# TrackHalfLength: 0.198
# controlDisturbance: 0.0
# controlBias: 0.0
# sensorNoise: 0.0
# g: 9.81
# k: 1.3333333333333333
#
# Data:
time,angle,angleD,angleDD,angle_cos,angle_sin,position,positionD,positionDD,Q,u,target_position
0.0,0.0,0.02342021,-1.167737405927815,1.0,0.0,-0.017243955,-0.00013622157,-0.537791588227024,-0.024360536,-0.15127893,-0.017243955402459342
0.020000000000000004,0.00028218096,0.0043765735,-0.9044869886361548,0.99999994,0.00028218096,-0.017332632,-0.0089392625,-0.4195223148052959,-0.028038995,-0.17412215,-0.017243955402459342
0.04000000000000002,0.00022528434,-0.010409587,-0.6297099465046281,1.0,0.00022528434,-0.017578484,-0.015809268,-0.2925528421784158,-0.029331727,-0.18215002,-0.017243955402459342
0.06000000000000004,-8.374727e-05,-0.02075773,-0.25288580657584436,1.0,-8.374727e-05,-0.017941456,-0.020602861,-0.11601867211976795,-0.02625682,-0.16305485,-0.017243955402459342
0.08000000000000006,-0.0005398429,-0.024996055,0.14311478025768495,0.9999999,-0.0005398429,-0.018372085,-0.022507355,0.07088424647702143,-0.019756103,-0.1226854,-0.017243955402459342
0.10000000000000007,-0.0010176661,-0.022796087,0.13003880615154348,0.99999946,-0.0010176658,-0.018810928,-0.021351652,0.06957788258522592,-0.018606713,-0.11554769,-0.017243955402459342
0.12000000000000009,-0.0014537369,-0.020838147,0.16872198675117475,0.9999989,-0.0014537364,-0.019226862,-0.020216892,0.091710784209716,-0.016425418,-0.102001846,-0.017243955402459342
0.1400000000000001,-0.0018446055,-0.0182716,0.10589180804332146,0.9999983,-0.0018446045,-0.019616565,-0.018719237,0.06662831763064567,-0.016002944,-0.09937828,-0.017243955402459342
0.16000000000000011,-0.0021943012,-0.016754406,0.2260475813409097,0.9999976,-0.0021942994,-0.01998032,-0.017631855,0.12545287047065268,-0.012222458,-0.07590146,-0.017243955402459342
0.18000000000000013,-0.0024945533,-0.013288292,0.4553674284888212,0.9999969,-0.0024945508,-0.02031292,-0.015580734,0.23412742809981005,-0.0052154255,-0.032387793,-0.017243955402459342
0.20000000000000015,-0.0026888615,-0.0060719163,0.05863291017147702,0.99999636,-0.0026888582,-0.02058712,-0.011749024,0.05330955023248509,-0.009435932,-0.05859714,-0.017243955402459342
0.22000000000000017,-0.0028022109,-0.0053436267,0.1269390108343811,0.99999607,-0.0028022071,-0.020813584,-0.0108772395,0.08590997278601102,-0.0070707505,-0.04390936,-0.017243955402459342
0.24000000000000019,-0.0028901033,-0.0035013838,-0.10322635964728284,0.9999958,-0.0028900993,-0.021017399,-0.009471376,-0.01926929892900735,-0.010367667,-0.064383216,-0.017243955402459342
0.2600000000000002,-0.0029779556,-0.005431067,-0.11746716348305959,0.9999956,-0.0029779512,-0.02120991,-0.009787754,-0.024998215193106507,-0.010943708,-0.067960426,-0.017243955402459342
0.2800000000000002,-0.0031067596,-0.0076090135,0.022584287466978256,0.9999952,-0.0031067547,-0.02140967,-0.010198365,0.040774345906906755,-0.0083929505,-0.052120224,-0.017243955402459342
0.3000000000000002,-0.003256829,-0.0075102854,0.1566930347353818,0.9999947,-0.0032568232,-0.021607129,-0.00953221,0.10405009450150819,-0.0048538973,-0.030142702,-0.017243955402459342
0.32000000000000023,-0.0033835392,-0.005224439,0.07013118801481774,0.9999943,-0.0033835326,-0.021781147,-0.007829709,0.06543560680665444,-0.00484739,-0.030102292,-0.017243955402459342
0.34000000000000025,-0.0034783788,-0.0043577394,0.04039093721993283,0.999994,-0.0034783718,-0.021927284,-0.0067591597,0.052673232791814344,-0.004323619,-0.026849674,-0.017243955402459342
0.36000000000000026,-0.003560662,-0.0039822385,0.10693653978203331,0.9999937,-0.0035606546,-0.022054052,-0.0058974526,0.08415253990888798,-0.0020210824,-0.012550922,-0.017243955402459342
0.3800000000000003,-0.0036248195,-0.0025207158,-0.006329363441652329,0.99999344,-0.0036248115,-0.022158548,-0.0045201015,0.032606157284988765,-0.002932776,-0.018212538,-0.017243955402459342
0.4000000000000003,-0.0036778552,-0.0029146809,-0.08149466598396185,0.99999326,-0.0036778469,-0.02224374,-0.003986671,-0.0015181994756773177,-0.00392214,-0.024356492,-0.017243955402459342
0.4200000000000003,-0.0037508223,-0.0045464793,0.07228138353775007,0.99999297,-0.0037508134,-0.02232372,-0.004012212,0.07003949717385147,-0.0007209136,-0.004476873,-0.017243955402459342
0.44000000000000034,-0.003831901,-0.003670045,0.21352913019730907,0.99999267,-0.0038318916,-0.02239277,-0.002866125,0.13593980138863787,0.0034223427,0.021252748,-0.017243955402459342
0.46000000000000035,-0.0038728775,-0.00048090096,0.35693741826641406,0.9999925,-0.0038728677,-0.022428362,-0.00064054236,0.20247602623777763,0.008694176,0.05399083,-0.017243955402459342
0.48000000000000037,-0.0038270839,0.005069112,0.15765108429224803,0.99999267,-0.0038270745,-0.022408802,0.0026754353,0.11026904260272395,0.007924111,0.049208727,-0.017243955402459342
0.5000000000000003,-0.0037020165,0.007379146,-0.19605607763694524,0.99999315,-0.0037020082,-0.022337656,0.0044824104,-0.05392548484678598,0.002365992,0.01469281,-0.017243955402459342
0.5200000000000004,-0.0035872087,0.003910558,0.17581646054752806,0.99999356,-0.003587201,-0.022256622,0.0036006956,0.11627017945816841,0.009124816,0.05666511,-0.017243955402459342
0.5400000000000004,-0.0034823301,0.0065320306,0.292367950773109,0.9999939,-0.0034823231,-0.022166014,0.005505719,0.16899055973260257,0.013438435,0.08345269,-0.017243955402459342
0.5600000000000004,-0.0033062794,0.011083027,0.11705457618625767,0.9999945,-0.0033062734,-0.022028873,0.008274746,0.0865389237928018,0.012541617,0.077883445,-0.017243955402459342
0.5800000000000004,-0.0030670688,0.012792886,0.25717649083379596,0.9999953,-0.0030670639,-0.021849528,0.009694336,0.14879023545036774,0.016780946,0.10420968,-0.017243955402459342
0.6000000000000004,-0.0027711114,0.016825194,0.2160501575254273,0.9999962,-0.002771108,-0.021631837,0.01213384,0.12699297464758275,0.01827263,0.113473035,-0.017243955402459342
0.6200000000000004,-0.0024008683,0.020223025,0.19017389758599984,0.99999714,-0.002400866,-0.021368835,0.014217195,0.11148552869569124,0.019679591,0.122210264,-0.017243955402459342
0.6400000000000005,-0.0019665721,0.023239443,0.044308956761524,0.9999981,-0.001966571,-0.021066643,0.016047286,0.040049310352165,0.018305004,0.113674074,-0.017243955402459342
0.6600000000000005,-0.0014950209,0.023910958,0.019394548688396445,0.99999887,-0.0014950203,-0.020739267,0.016708037,0.023951729367575645,0.018226795,0.11318839,-0.017243955402459342
0.6800000000000005,-0.0010138069,0.024213273,-0.06391495824275426,0.99999946,-0.0010138068,-0.020401249,0.017105287,-0.01915641446173184,0.016662342,0.10347315,-0.017243955402459342
0.7000000000000005,-0.0005396566,0.023188384,0.0754660292956143,0.9999999,-0.0005396566,-0.020062177,0.016796589,0.04040868344840192,0.01900213,0.11800323,-0.017243955402459342
0.7200000000000005,-6.3533866e-05,0.024480512,-0.022814208123432447,1.0,-6.3533866e-05,-0.019719757,0.01746324,-0.00953409692811083,0.017405257,0.108086646,-0.017243955402459342
0.7400000000000005,0.00042294708,0.024203777,0.03000356514794165,0.9999999,0.00042294708,-0.01937199,0.017312208,0.010029691212351918,0.018103588,0.112423286,-0.017243955402459342
0.7600000000000006,0.0009125422,0.024829205,-0.26080310667519085,0.9999996,0.0009125421,-0.019024115,0.017481543,-0.12877760516415218,0.011995449,0.07449174,-0.017243955402459342
0.7800000000000006,0.0013683635,0.020728173,-0.3932255836627442,0.99999905,0.001368363,-0.018695045,0.015377635,-0.19433370348171294,0.006867476,0.042647026,-0.017243955402459342
0.8000000000000006,0.0017210906,0.014474556,-0.32491337355874483,0.9999985,0.0017210898,-0.01841854,0.012199202,-0.16640445834236525,0.0048591862,0.030175546,-0.017243955402459342
0.8200000000000006,0.0019596815,0.009341826,-0.4054789588492855,0.9999981,0.0019596803,-0.018201143,0.009476891,-0.20594716550163483,0.0002842785,0.0017653696,-0.017243955402459342
0.8400000000000006,0.0020827218,0.0028854748,-0.3662380540355336,0.99999785,0.0020827204,-0.018044524,0.0061058817,-0.1891646225858042,-0.0024091827,-0.014961025,-0.017243955402459342
0.8600000000000007,0.002082819,-0.0029450904,-0.3919024504258628,0.99999785,0.0020828175,-0.017952645,0.0030083891,-0.20107744273339212,-0.006108617,-0.037934512,-0.017243955402459342
0.8800000000000007,0.0019620701,-0.00922066,-0.38724858115926714,0.9999981,0.001962069,-0.01792463,-0.00028543058,-0.1978394944186403,-0.009318979,-0.05787086,-0.017243955402459342
0.9000000000000007,0.0017163624,-0.015455444,-0.17889296168566363,0.9999985,0.0017163616,-0.017961975,-0.003527534,-0.09950237115322533,-0.008185666,-0.050832987,-0.017243955402459342
0.9200000000000007,0.001379035,-0.018319871,-0.1806587151166043,0.99999905,0.0013790345,-0.018048448,-0.0051603816,-0.09704853095349504,-0.0097225495,-0.06037703,-0.017243955402459342
0.9400000000000007,0.0009839282,-0.02125122,0.011140771397815838,0.9999995,0.0009839281,-0.018167194,-0.0067536463,-0.004827497110837304,-0.007172279,-0.044539854,-0.017243955402459342
0.9600000000000007,0.0005606327,-0.021081345,0.024404824679372716,0.9999998,0.0005606326,-0.018303065,-0.0068371356,0.005440024905649996,-0.0067700944,-0.042042285,-0.017243955402459342
0.9800000000000008,0.00014267823,-0.020725997,0.11426492644802742,1.0,0.00014267823,-0.01843896,-0.0067524365,0.0509558590527812,-0.004608824,-0.028620796,-0.017243955402459342
1.0000000000000007,-0.00025396983,-0.018928448,0.21763606232474136,0.99999994,-0.00025396983,-0.018565886,-0.0059222137,0.10251000368496936,-0.0014155712,-0.008790697,-0.017243955402459342
1.0200000000000007,-0.0005982655,-0.015459563,0.10077485005708138,0.9999998,-0.00059826544,-0.018667964,-0.00424727,0.05208447398503399,-0.001956277,-0.012148481,-0.017243955402459342
1.0400000000000007,-0.00089194224,-0.013918341,0.44530478040754545,0.9999996,-0.0008919421,-0.018744601,-0.003397475,0.21375882956268502,0.006210967,0.038570106,-0.017243955402459342
1.0600000000000007,-0.0010997884,-0.0067458763,0.48067250033664527,0.9999994,-0.0010997881,-0.018778391,0.00010053486,0.2322008305558658,0.010625749,0.0659859,-0.017243955402459342
1.0800000000000007,-0.001158458,0.0010202168,0.14991605437520364,0.99999934,-0.0011584577,-0.01873926,0.0039020835,0.0804656849428238,0.0076764734,0.0476709,-0.017243955402459342
1.1000000000000008,-0.0011145525,0.0033924822,0.21574338246727953,0.9999994,-0.0011145523,-0.018648352,0.0052201403,0.11040492960837002,0.010368284,0.064387046,-0.017243955402459342
1.1200000000000008,-0.0010126029,0.0068570627,0.3061086655080661,0.99999946,-0.0010126028,-0.018526293,0.0070290393,0.15109856584211415,0.014042294,0.087202646,-0.017243955402459342
1.1400000000000008,-0.00082678924,0.011825217,0.16877999063548096,0.99999964,-0.0008267891,-0.018361546,0.009505143,0.08606233482025111,0.013630323,0.08464431,-0.017243955402459342
1.1600000000000008,-0.0005633837,0.014577368,0.34112398473592603,0.9999998,-0.0005633836,-0.018157668,0.010917127,0.16294022889092988,0.018519368,0.11500528,-0.017243955402459342
1.1800000000000008,-0.00021719934,0.02018636,-0.17969112261090475,1.0,-0.00021719934,-0.017913258,0.013588796,-0.08038323171646639,0.010267154,0.06375903,-0.017243955402459342
1.2000000000000008,0.00015814896,0.017308353,0.14506454987130746,1.0,0.00015814896,-0.017654309,0.012276499,0.0655509728039845,0.015478276,0.09612009,-0.017243955402459342
1.2200000000000009,0.00052796904,0.01977064,-0.06626195040253058,0.9999999,0.00052796904,-0.017398275,0.013353713,-0.03542744071896919,0.012008146,0.07457059,-0.017243955402459342
1.2400000000000009,0.0009134526,0.018807711,-0.3284089549640199,0.9999996,0.0009134525,-0.017136844,0.0127776265,-0.16002918933452773,0.005784829,0.03592379,-0.017243955402459342
1.260000000000001,0.0012378985,0.013573443,-0.8012185522983923,0.9999992,0.0012378981,-0.016906856,0.010160622,-0.38117481989929697,-0.006867494,-0.04264714,0.1182112846846586
1.280000000000001,0.0013820687,0.000592158,-1.4362973241856363,0.99999905,0.0013820683,-0.01676457,0.0039206115,-0.675443831915016,-0.026502395,-0.16457987,0.1182112846846586
1.300000000000001,0.0011648227,-0.02284227,-1.7713743824099382,0.99999934,0.0011648225,-0.016794147,-0.0071416427,-0.8280681970526081,-0.044660065,-0.277339,0.1182112846846586
1.320000000000001,0.00042468606,-0.051883765,-1.3852820281800866,0.9999999,0.00042468606,-0.017069397,-0.02070848,-0.6433053026926168,-0.050147653,-0.31141692,0.1182112846846586
1.340000000000001,-0.0008355015,-0.07477476,-0.9723248066717637,0.99999964,-0.00083550136,-0.01758648,-0.031255357,-0.4409715405104219,-0.051729478,-0.32124007,0.1182112846846586
1.360000000000001,-0.0024885188,-0.09108933,-0.768564571851873,0.9999969,-0.0024885163,-0.01828218,-0.038493223,-0.33109419174626614,-0.05407382,-0.33579844,0.1182112846846586
1.380000000000001,-0.004436314,-0.104259506,-7.848256843685849,0.99999017,-0.0044362997,-0.019105086,-0.04393495,-3.5747705220274675,-0.20561986,-1.2768993,0.1182112846846586
1.400000000000001,-0.007780829,-0.23368283,-4.462328358937488,0.9999697,-0.0077807503,-0.020555448,-0.10250413,-1.9835206507011824,-0.19355682,-1.2019879,0.1182112846846586
1.420000000000001,-0.013176644,-0.30840144,-0.8316220355801264,0.9999132,-0.013176263,-0.022922928,-0.1350387,-0.2584895955464912,-0.14876328,-0.92382,0.1182112846846586
1.440000000000001,-0.01949019,-0.32433516,1.3749704027229892,0.9998101,-0.019488957,-0.025665388,-0.13933654,0.8202556945658935,-0.10419144,-0.6470288,0.1182112846846586
1.460000000000001,-0.025772598,-0.30465478,2.223269534736298,0.9996679,-0.025769744,-0.02832135,-0.12597041,1.2733482336660862,-0.06976341,-0.43323076,0.1182112846846586
1.480000000000001,-0.031528,-0.27147323,2.8724672751651825,0.999503,-0.031522777,-0.030637527,-0.10517962,1.6298273375202097,-0.032134477,-0.1995551,0.1182112846846586
1.500000000000001,-0.036517683,-0.2279564,3.6020115793587935,0.9993333,-0.036509566,-0.03248086,-0.07854355,2.0161133362452213,0.012763108,0.079258904,0.1182112846846586
1.5200000000000011,-0.040521525,-0.17268428,3.518768257655253,0.9991791,-0.040510435,-0.033729658,-0.045571633,2.018117279432535,0.046761137,0.29038665,0.1182112846846586
1.5400000000000011,-0.043433707,-0.118853144,3.262047288685077,0.9990569,-0.043420054,-0.03431863,-0.012555022,1.929301222247645,0.07664764,0.47598183,0.1182112846846586
1.5600000000000012,-0.045310352,-0.069228195,3.8018186084640653,0.99897367,-0.04529485,-0.034261405,0.019018514,2.1975955281830966,0.12108755,0.7519537,0.1182112846846586
1.5800000000000012,-0.046107862,-0.010690989,3.78029407341088,0.99893725,-0.046091527,-0.033529755,0.05499705,2.19642217954286,0.15781982,0.9800611,0.1182112846846586
1.6000000000000012,-0.04573709,0.04767838,2.370651439601691,0.99895424,-0.045721147,-0.032078646,0.09096895,1.5433073685942291,0.16510125,1.0252787,0.1182112846846586
1.6200000000000012,-0.044422902,0.08321298,1.3692935780607562,0.9990135,-0.04440829,-0.030012457,0.116255894,1.0689267602668824,0.16946897,1.0524023,0.1182112846846586
1.6400000000000012,-0.04255681,0.102581844,0.4856540903446483,0.9990946,-0.042543966,-0.027516337,0.13378039,0.6432368623694683,0.16807228,1.0437288,0.1182112846846586
1.6600000000000013,-0.04044343,0.10768934,0.8485654216041946,0.9991823,-0.04043241,-0.024737764,0.1443365,0.789901951014322,0.18533266,1.1509157,0.1182112846846586
1.6800000000000013,-0.03816885,0.1189303,0.3811543920071454,0.99927163,-0.038159583,-0.021724619,0.15729593,0.5521267187700126,0.18771766,1.1657267,0.1182112846846586
1.7000000000000013,-0.03574298,0.122730955,0.3017791380741474,0.9993613,-0.03573537,-0.018490288,0.16636316,0.4917336445345916,0.19411123,1.2054307,0.1182112846846586
1.7200000000000013,-0.033252664,0.12543316,0.33195268046504167,0.99944717,-0.033246536,-0.015084264,0.17444204,0.4812144516041661,0.2017388,1.252798,0.1182112846846586
1.7400000000000013,-0.030702354,0.1288332,0.23802433743684506,0.9995287,-0.030697532,-0.011518341,0.18234922,0.41290144647595467,0.2065841,1.2828872,0.1182112846846586
1.7600000000000013,-0.028097896,0.13090423,-0.01505822834912769,0.9996053,-0.028094199,-0.007805191,0.18913825,0.2706762174968779,0.20695512,1.2851913,0.1182112846846586
1.7800000000000014,-0.025491334,0.1290359,0.017455869450990952,0.9996751,-0.025488574,-0.003978999,0.1935983,0.2600490857719452,0.21087629,1.3095417,0.1182112846846586
1.8000000000000014,-0.02291586,0.1278938,0.3473191783428489,0.99973744,-0.022913855,-6.530738e-05,0.19788393,0.38680356098724,0.2208097,1.3712282,0.1182112846846586
1.8200000000000014,-0.0203094,0.13235289,0.2738874766763727,0.99979377,-0.020308003,0.0039543617,0.2042454,0.3274312262077988,0.22447671,1.3940004,0.1182112846846586
1.8400000000000014,-0.017624287,0.13582785,-0.04656753911919146,0.9998447,-0.017623374,0.008091772,0.2096354,0.15342552294459785,0.2219837,1.3785188,0.1182112846846586
1.8600000000000014,-0.014919695,0.13427134,0.06310379601743092,0.9998887,-0.014919142,0.012309168,0.21217628,0.17741047403822904,0.22549887,1.400348,0.1182112846846586
1.8800000000000014,-0.012227572,0.13471474,0.09796398006017247,0.99992526,-0.012227267,0.016581215,0.21510972,0.16706711158938126,0.22786939,1.415069,0.1182112846846586
1.9000000000000015,-0.009519841,0.1359391,-0.15708803200771998,0.9999547,-0.009519697,0.020910276,0.21787389,0.02297573765329933,0.22404183,1.3912998,0.1182112846846586
1.9200000000000015,-0.0068272245,0.13319664,-0.5062921061699263,0.9999767,-0.0068271714,0.025271585,0.21827841,-0.1644075931842597,0.21585588,1.3404651,0.1182112846846586
1.9400000000000015,-0.0042442107,0.12492641,-0.5134199864719485,0.999991,-0.004244198,0.029611023,0.21561344,-0.19314956804050873,0.21168783,1.3145814,0.1182112846846586
1.9600000000000015,-0.0018268194,0.11670415,-0.4024451563475343,0.99999833,-0.0018268183,0.033892557,0.21247606,-0.1658413305057364,0.20957184,1.3014411,0.1182112846846586
1.9800000000000015,0.0004447263,0.11045323,-0.537328001242453,0.9999999,0.00044472626,0.038115695,0.20978425,-0.25037439926419236,0.20288184,1.2598963,0.1182112846846586
2.0000000000000013,0.0025705167,0.102140576,-0.1601646621515902,0.9999967,0.0025705139,0.042271476,0.2057067,-0.09754016600802595,0.20547709,1.2760128,0.1182112846846586
2.019999999999999,0.0045910957,0.100139655,-0.14862753082210406,0.99998945,0.0045910794,0.046370137,0.20413059,-0.11207519651417826,0.20309415,1.2612147,0.1182112846846586
2.039999999999997,0.006574323,0.09847541,-0.10484158956764712,0.99997836,0.0065742754,0.05043495,0.20231605,-0.11137776571261611,0.20115612,1.2491795,0.1182112846846586
2.0599999999999947,0.008532079,0.097674996,-0.374279392418395,0.9999636,0.008531976,0.05446358,0.20051259,-0.2547672474844113,0.19274087,1.1969209,0.1182112846846586
2.0799999999999925,0.01043156,0.09260577,-0.42481512710167446,0.9999456,0.010431371,0.05843321,0.19636057,-0.29676949449962475,0.18649769,1.1581507,0.1182112846846586
2.0999999999999903,0.012222275,0.086833596,-0.5058591920484431,0.9999253,0.012221971,0.06231308,0.19151963,-0.35177719543000224,0.17897165,1.111414,0.1182112846846586
2.119999999999988,0.013885223,0.07984702,-0.0891754288187295,0.9999036,0.013884777,0.06608734,0.18577662,-0.17615990771778486,0.18092024,1.1235148,0.1182112846846586
2.139999999999986,0.015475633,0.079789765,-0.41703377961200155,0.99988025,0.015475015,0.0697748,0.1829084,-0.3428731175651048,0.17038889,1.058115,0.1182112846846586
2.1599999999999837,0.017013146,0.07448082,-0.49130507110707966,0.9998553,0.017012324,0.07337824,0.17730977,-0.39227376505913303,0.16235675,1.0082355,0.1182112846846586
2.1799999999999815,0.018433142,0.068050906,-0.6613637233974228,0.9998301,0.0184321,0.076861806,0.17090096,-0.48468957939176294,0.15156665,0.9412289,0.1182112846846586
2.1999999999999793,0.01969781,0.05891614,-0.5211221987970498,0.999806,0.019696536,0.080202416,0.16297723,-0.4326002385217713,0.14574799,0.90509504,0.1182112846846586
2.219999999999977,0.02080255,0.052139606,-0.7215521276615421,0.99978364,0.02080105,0.083392866,0.15590473,-0.5359309477237746,0.13380712,0.8309422,0.1182112846846586
2.239999999999975,0.021740027,0.042134564,-0.634919562980475,0.99976367,0.021738315,0.086425334,0.14713848,-0.5053513698450084,0.1261786,0.78356916,0.1182112846846586
2.2599999999999727,0.022491435,0.033580117,-0.4346684045555398,0.9997471,0.022489538,0.08928736,0.13887098,-0.4205498520749723,0.12151288,0.754595,0.1182112846846586
2.2799999999999705,0.023103906,0.028330434,-0.18229217779174814,0.9997331,0.023101851,0.091997586,0.13199055,-0.31030610811293874,0.11941784,0.7415848,0.1182112846846586
2.2999999999999683,0.023651894,0.027242994,0.20038195542334059,0.99972034,0.023649689,0.09458783,0.12691465,-0.13930334303694764,0.121906266,0.75703794,0.1182112846846586
2.319999999999966,0.024239538,0.032466047,0.1953164440188722,0.9997062,0.024237165,0.09710389,0.124639235,-0.1473291749096266,0.11918756,0.7401548,0.1182112846846586
2.339999999999964,0.024931202,0.03767317,0.33362702329804844,0.9996892,0.024928618,0.09957316,0.122233465,-0.09028321641605846,0.11926091,0.74061024,0.1182112846846586
2.3599999999999617,0.025749542,0.045222543,0.4106058870241237,0.9996685,0.025746696,0.10200344,0.120763086,-0.06271702958972632,0.118954055,0.7387047,0.1182112846846586
2.3799999999999595,0.026731696,0.05412833,-4.615022485807606,0.9996427,0.026728513,0.104408726,0.1197458,-2.389029001312027,0.013065514,0.081136845,0.1182112846846586
2.3999999999999573,0.027088877,-0.019232819,-2.650093623618003,0.99963313,0.027085563,0.10642173,0.08062953,-1.4877865831060502,0.013700735,0.08508156,0.1182112846846586
2.419999999999955,0.026291583,-0.06066443,-1.418564944739884,0.9996544,0.026288554,0.10779642,0.05625853,-0.9128108768888298,0.014764213,0.091685764,0.1182112846846586
2.439999999999953,0.024861338,-0.082143,-0.3564297819258704,0.99969095,0.024858776,0.108775586,0.04129599,-0.40944103554067407,0.022246234,0.13814911,0.1182112846846586
2.4599999999999507,0.02317029,-0.08641047,0.4260124110950222,0.9997316,0.023168217,0.10953593,0.03457333,-0.032225396040466744,0.032474145,0.20166445,0.1182112846846586
2.4799999999999485,0.021518204,-0.07800001,0.4657818025492769,0.9997685,0.021516543,0.11022215,0.034027923,0.0024361904271599025,0.033576507,0.20851012,0.1182112846846586
2.4999999999999463,0.02004017,-0.069029994,0.4589441860294739,0.9997992,0.020038828,0.11090302,0.034051936,0.01391430094517657,0.03420572,0.21241753,0.1182112846846586
2.519999999999944,0.01874001,-0.06024868,3.2530127489849,0.9998244,0.018738912,0.1115862,0.034265783,1.314622275323472,0.09309122,0.57809645,0.055052068423704206
2.539999999999942,0.01806195,-0.005730308,2.745491751623978,0.99983686,0.01806097,0.112481646,0.055784654,1.0881301978869267,0.10490262,0.65144527,0.055052068423704206
2.5599999999999397,0.018394018,0.040643286,1.4584814450293673,0.99983084,0.01839298,0.113771304,0.07360529,0.49235639284142035,0.096244596,0.59767896,0.055052068423704206
2.5799999999999375,0.019448912,0.06613917,0.8495585474210858,0.9998109,0.019447686,0.11532218,0.08167795,0.20172356806921427,0.091335155,0.5671913,0.055052068423704206
2.5999999999999353,0.020917365,0.08184138,0.23504547061935452,0.99978125,0.02091584,0.11698807,0.084995955,-0.09569777468932021,0.081240386,0.5045028,0.055052068423704206
2.619999999999933,0.022602571,0.08764945,-0.12354303701856276,0.9997446,0.022600647,0.11867279,0.083446056,-0.27744069068573435,0.07137271,0.44322452,0.055052068423704206
2.639999999999931,0.024347443,0.08773388,-0.2804956673955474,0.9997036,0.024345038,0.12029745,0.078920804,-0.3669188626750729,0.06261933,0.38886604,0.055052068423704206
2.6599999999999286,0.026069652,0.085380524,-0.29640451000910706,0.9996602,0.0260667,0.121817306,0.072930105,-0.39119808288332997,0.055307828,0.3434616,0.055052068423704206
2.6799999999999264,0.027742935,0.08288939,-0.5379804478682795,0.9996152,0.027739376,0.12321346,0.06654129,-0.5190363254309286,0.04292767,0.26658085,0.055052068423704206
2.6999999999999242,0.029328424,0.07655705,-0.7743252418693032,0.99956995,0.02932422,0.124461405,0.05805821,-0.643668437168441,0.028558493,0.17734824,0.055052068423704206
2.719999999999922,0.03075001,0.06644642,-0.9153654422322238,0.9995273,0.030745164,0.12551975,0.047532562,-0.7228158971038819,0.014162153,0.087946974,0.055052068423704206
2.73999999999992,0.031947203,0.05409124,-1.1719531697254657,0.9994897,0.031941768,0.12635492,0.035708502,-0.8530721706701929,-0.0038492037,-0.023903554,0.055052068423704206
2.7599999999999176,0.03285649,0.03757074,-1.3653259435949798,0.9994603,0.03285058,0.12693277,0.021748474,-0.9514187851316003,-0.022587212,-0.14026658,0.055052068423704206
2.7799999999999154,0.03340447,0.017881481,-1.555765927937781,0.9994421,0.033398256,0.12721568,0.006174212,-1.0449085116189536,-0.04273338,-0.26537427,0.055052068423704206
2.7999999999999132,0.033528,-0.0049696327,-1.0797176147994352,0.999438,0.03352172,0.12717211,-0.010935412,-0.8269550486571441,-0.05039186,-0.31293344,0.055052068423704206
2.819999999999911,0.033270184,-0.020103235,-0.9100149675365627,0.9994466,0.033264045,0.12682116,-0.024480099,-0.7463911103757905,-0.060576793,-0.3761819,0.055052068423704206
2.839999999999909,0.03273639,-0.032538105,-0.9118865408312207,0.9994642,0.032730546,0.1262122,-0.036708444,-0.7421854797551696,-0.07284117,-0.45234364,0.055052068423704206
2.8599999999999066,0.03195309,-0.045096748,-0.8149039843315643,0.99948955,0.03194765,0.12535934,-0.048870515,-0.6899497348497492,-0.082859434,-0.51455706,0.055052068423704206
2.8799999999999044,0.030933507,-0.056178417,-1.3558244562008968,0.9995216,0.030928575,0.12427158,-0.06017968,-0.9294804989668091,-0.10513648,-0.65289754,0.055052068423704206
2.899999999999902,0.029605102,-0.07625208,-1.163501869903996,0.9995618,0.029600777,0.12291932,-0.07541432,-0.8280364063703252,-0.116043195,-0.72062826,0.055052068423704206
2.9199999999999,0.027904961,-0.093359314,-1.4588316083649375,0.99961066,0.02790134,0.12127857,-0.088991664,-0.9477177518574225,-0.13519692,-0.8395729,0.055052068423704206
2.939999999999898,0.025814336,-0.11551032,-0.8984515034727995,0.9996668,0.02581147,0.11934712,-0.10453279,-0.6691505278445589,-0.13839296,-0.85942024,0.055052068423704206
2.9599999999998956,0.023368921,-0.12872878,-0.3018926942491018,0.99972695,0.023366794,0.117149346,-0.11551606,-0.3703245613243064,-0.13600196,-0.8445722,0.055052068423704206
2.9799999999998934,0.020753203,-0.13241173,-0.22101315011525724,0.99978465,0.020751713,0.11477967,-0.121607795,-0.30741729828781506,-0.13923377,-0.8646417,0.055052068423704206
2.999999999999891,0.018075556,-0.13498595,-0.18527344394285167,0.9998366,0.018074572,0.11229821,-0.12667002,-0.2646989864028335,-0.14232028,-0.8838089,0.055052068423704206
3.019999999999889,0.015350938,-0.13719155,0.33030662996823035,0.99988216,0.015350335,0.109722316,-0.1310332,-0.0003666243134530112,-0.13470799,-0.8365366,0.055052068423704206
3.039999999999887,0.012663445,-0.13116497,0.41354051003411135,0.99991983,0.012663107,0.107101426,-0.13106754,0.06444492957665646,-0.13166514,-0.81764054,0.055052068423704206
3.0599999999998846,0.010108777,-0.12395624,0.5311116749578471,0.9999489,0.010108605,0.10449022,-0.13003922,0.1437923773973509,-0.12689036,-0.78798914,0.055052068423704206
3.0799999999998824,0.0077161533,-0.11498733,0.6156452554869241,0.99997026,0.007716077,0.10191229,-0.12770988,0.20634825769709672,-0.12155306,-0.75484455,0.055052068423704206
3.09999999999988,0.005515602,-0.104779996,0.6073464679961226,0.9999848,0.005515574,0.09939096,-0.12435417,0.22425661661487734,-0.11719012,-0.72775066,0.055052068423704206
3.119999999999878,0.003517154,-0.09483595,0.7340602969564876,0.9999938,0.0035171467,0.096939616,-0.120703086,0.3023982989857893,-0.10982443,-0.6820097,0.055052068423704206
3.139999999999876,0.0017372171,-0.08292757,0.7170529968525107,0.9999985,0.0017372161,0.09457379,-0.11577017,0.31219374098619707,-0.10424123,-0.64733803,0.055052068423704206
3.1599999999998736,0.00019223089,-0.071385674,0.3000523731959732,1.0,0.00019223089,0.092308216,-0.11067437,0.13534971694530487,-0.106912285,-0.6639253,0.055052068423704206
3.1799999999998714,-0.0011890089,-0.06675025,0.4004560465547577,0.9999993,-0.0011890087,0.09011629,-0.10847253,0.19523662261071983,-0.101885155,-0.6327068,0.055052068423704206
3.199999999999869,-0.002461972,-0.06055627,0.5357969573350158,0.99999696,-0.0024619694,0.087977976,-0.10528894,0.27018477641219485,-0.095183544,-0.5910898,0.055052068423704206
3.219999999999867,-0.0035898185,-0.052216202,0.6589748994660569,0.99999356,-0.0035898108,0.08591532,-0.10087656,0.338136104709137,-0.087550916,-0.5436912,0.055052068423704206
3.2399999999998648,-0.004531462,-0.041909274,0.3723156077443239,0.99998975,-0.004531447,0.083951786,-0.09534955,0.2154213859768533,-0.08737922,-0.54262495,0.055052068423704206
3.2599999999998626,-0.005312984,-0.036330856,0.23511239346801183,0.9999859,-0.0053129587,0.08207919,-0.09183023,0.15994141625604844,-0.08623867,-0.53554213,0.055052068423704206
3.2799999999998604,-0.0060050893,-0.033038482,-0.021236244820346046,0.99998194,-0.006005053,0.08026811,-0.08921841,0.04864338160600624,-0.08854428,-0.54986,0.055052068423704206
3.299999999999858,-0.006672565,-0.033987787,-0.3816648944963124,0.99997777,-0.0066725155,0.07849148,-0.08842875,-0.11092350986190179,-0.094886206,-0.58924335,0.055052068423704206
3.319999999999856,-0.0074169743,-0.04090062,-0.5544844864261679,0.9999725,-0.0074169063,0.076705135,-0.09025268,-0.18336522342051634,-0.09996809,-0.62080187,0.055052068423704206
3.3399999999998538,-0.0083277505,-0.050732546,-0.21669047189761337,0.9999653,-0.008327655,0.07487073,-0.09326453,-0.018902697876036153,-0.09558236,-0.5935665,0.055052068423704206
3.3599999999998515,-0.009381754,-0.05513872,0.31058802421189724,0.999956,-0.0093816165,0.073002346,-0.093584865,0.2343710410655046,-0.08443951,-0.52436936,0.055052068423704206
3.3799999999998493,-0.010440108,-0.05100157,0.3206950615393013,0.9999455,-0.010439918,0.07116805,-0.08975804,0.2494741211261846,-0.079789564,-0.4954932,0.055052068423704206
3.399999999999847,-0.011414465,-0.046763156,0.19145472857506668,0.99993485,-0.011414217,0.06941272,-0.085682996,0.19953480645255148,-0.07782086,-0.48326755,0.055052068423704206
3.419999999999845,-0.012325045,-0.044700705,0.6705165630346077,0.99992406,-0.012324733,0.06773091,-0.08242499,0.4292842436302073,-0.064092115,-0.39801204,0.055052068423704206
3.4399999999998427,-0.013118106,-0.03484722,0.338745875359958,0.99991393,-0.01311773,0.06615101,-0.075403735,0.28430778966454223,-0.063406505,-0.3937544,0.055052068423704206
3.4599999999998405,-0.013767276,-0.030452117,0.6543431687440519,0.9999052,-0.013766841,0.064688355,-0.07075486,0.43619413755921493,-0.051780142,-0.3215547,0.055052068423704206
3.4799999999998383,-0.014278252,-0.020915542,0.7508615267782159,0.9998981,-0.014277766,0.06334297,-0.063617475,0.485832133999754,-0.042226486,-0.2622265,0.055052068423704206
3.499999999999836,-0.014583068,-0.009796475,0.4684064087966595,0.99989367,-0.014582551,0.06214828,-0.055665117,0.35880774234102086,-0.039810363,-0.24722236,0.055052068423704206
3.519999999999834,-0.014710556,-0.0032844727,1.2196970909734821,0.9998918,-0.014710025,0.06109233,-0.04979086,0.7064110825366013,-0.018147653,-0.11269692,0.055052068423704206
3.5399999999998317,-0.014587563,0.015559975,0.8395445930461548,0.9998936,-0.014587046,0.060209453,-0.03822216,0.5302718816808659,-0.014276379,-0.08865631,0.055052068423704206
3.5599999999998295,-0.014148003,0.028261144,0.30823933927141345,0.9998999,-0.014147531,0.059529807,-0.029534336,0.28127359259279594,-0.016647335,-0.10337995,0.055052068423704206
3.5799999999998273,-0.013538917,0.03234008,0.13149747061314232,0.9999083,-0.013538503,0.05898413,-0.024921965,0.1938994571427837,-0.015909601,-0.098798625,0.055052068423704206
3.599999999999825,-0.012876162,0.03358587,-0.12153364928487419,0.9999171,-0.012875807,0.058516726,-0.021739751,0.07079944947898974,-0.018244568,-0.11329877,0.055052068423704206
3.619999999999823,-0.012228647,0.030740313,-0.023898683113061748,0.99992526,-0.012228343,0.05809329,-0.02057341,0.10940217621780748,-0.015353384,-0.09534452,0.055052068423704206
3.6399999999998207,-0.011622215,0.029533267,0.03321385851982218,0.99993247,-0.011621953,0.05769935,-0.01877541,0.12975587855486784,-0.012636766,-0.07847431,0.055052068423704206
3.6599999999998185,-0.011030558,0.029304165,0.029301053526421202,0.99993914,-0.011030334,0.05734462,-0.0166443,0.12214428596316634,-0.010838765,-0.06730873,0.055052068423704206
3.6799999999998163,-0.010443861,0.029055616,-0.0613224688214918,0.99994546,-0.010443671,0.057031292,-0.014637893,0.07461979310875104,-0.0109655885,-0.0680963,0.055052068423704206
3.699999999999814,-0.0098763835,0.027365798,0.2993617923964161,0.99995124,-0.009876223,0.05675049,-0.013409884,0.23525128832847558,-0.002510091,-0.015587665,0.055052068423704206
3.719999999999812,-0.009284813,0.031625025,0.10094607430593931,0.9999569,-0.00928468,0.056519937,-0.009551389,0.13806811668766236,-0.0029827387,-0.018522806,0.055052068423704206
3.7399999999998097,-0.008639441,0.032695245,-0.1104158675286253,0.9999627,-0.008639334,0.056351017,-0.0072836634,0.034345539400834756,-0.00537744,-0.0333939,0.055052068423704206
3.7599999999998075,-0.008006166,0.0303551,-0.9005342063492149,0.99996793,-0.00800608,0.056210876,-0.0067144735,-0.3360256694426656,-0.021516442,-0.1336171,0.07218107599057597
3.7799999999998053,-0.007545831,0.015102519,-0.8709208071797003,0.9999715,-0.0075457594,0.056022894,-0.0122117065,-0.327115036841807,-0.026755804,-0.16615355,0.07218107599057597
3.799999999999803,-0.007385955,0.0003072629,-0.6531635646660476,0.9999727,-0.007385888,0.055726375,-0.017566176,-0.22854576184171796,-0.027793217,-0.17259589,0.07218107599057597
3.819999999999801,-0.007487423,-0.010967922,-0.29700153192549567,0.999972,-0.007487353,0.055338513,-0.021309366,-0.06357863511471588,-0.024179185,-0.15015274,0.07218107599057597
3.8399999999997987,-0.0077577303,-0.01645982,0.08386970551463058,0.9999699,-0.0077576526,0.054902148,-0.022353083,0.1145164965238402,-0.017207392,-0.1068579,0.07218107599057597
3.8599999999997965,-0.008077204,-0.015752312,0.272465152374792,0.9999674,-0.008077117,0.054473378,-0.020481113,0.20457502347339157,-0.011220853,-0.069681495,0.07218107599057597
3.8799999999997943,-0.00835249,-0.011975075,-0.23504934017447573,0.99996513,-0.008352393,0.05409645,-0.017134024,-0.026556750079830407,-0.018198008,-0.11300963,0.07218107599057597
3.899999999999792,-0.008633427,-0.016522411,0.23897654010122893,0.99996275,-0.00863332,0.053749505,-0.017571624,0.19458808651031614,-0.008667598,-0.05382578,0.07218107599057597
3.91999999999979,-0.008929727,-0.013340245,0.31985628381354614,0.9999601,-0.008929608,0.053429164,-0.014388271,0.23481517469242857,-0.0035879177,-0.022280969,0.07218107599057597
3.9399999999997877,-0.009149502,-0.008841894,0.2509583111075618,0.99995816,-0.009149374,0.05317892,-0.010545418,0.20528526674601344,-0.0009813919,-0.0060944436,0.07218107599057597
3.9599999999997855,-0.009290324,-0.005471094,0.13749617381954005,0.99995685,-0.00929019,0.05300082,-0.0071852687,0.15442665273721395,0.00016686245,0.0010362158,0.07218107599057597
3.9799999999997833,-0.00938186,-0.0039569484,0.45402119518683637,0.999956,-0.009381722,0.052881796,-0.00465738,0.30121848525646516,0.009365152,0.058157593,0.07218107599057597
3.999999999999781,-0.009392497,0.002744886,0.1324831402188545,0.9999559,-0.009392359,0.05283681,0.0002749829,0.15323839637317668,0.007736501,0.048043672,0.07218107599057597
4.019999999999779,-0.009320375,0.0042032558,0.15146949331757317,0.99995655,-0.00932024,0.05286681,0.0027851271,0.16130191019430698,0.010658277,0.0661879,0.07218107599057597
4.039999999999777,-0.009215985,0.005984497,0.47674536206624035,0.99995756,-0.009215855,0.052948304,0.0054276423,0.31020794427821324,0.0200573,0.12455583,0.07218107599057597
4.059999999999775,-0.009023868,0.013113106,0.37493936005678297,0.9999593,-0.009023746,0.05310646,0.010509317,0.26150894869095415,0.023041101,0.14308524,0.07218107599057597
4.079999999999773,-0.008705216,0.018617492,0.20865589914397276,0.9999621,-0.008705107,0.053358473,0.014794891,0.18183047136191682,0.023809135,0.14785473,0.07218107599057597
4.0999999999997705,-0.008302812,0.02144373,-0.0406698063323242,0.99996555,-0.0083027175,0.053683467,0.01777665,0.06302183268936273,0.021478359,0.1333806,0.07218107599057597
4.119999999999768,-0.00788352,0.02022589,0.35841936837177185,0.99996895,-0.007883438,0.054049097,0.018813156,0.24280994760236693,0.030609943,0.19008775,0.07218107599057597
4.139999999999766,-0.007424609,0.025577141,0.26115508586076336,0.99997246,-0.007424541,0.054464202,0.022793984,0.193561188709423,0.032429226,0.2013855,0.07218107599057597
4.159999999999764,-0.0068739112,0.029391782,-0.006216956782571246,0.9999764,-0.006873857,0.054951053,0.025969345,0.06499673952283687,0.029848041,0.18535633,0.07218107599057597
4.179999999999762,-0.006289359,0.028882097,-0.2125226364905004,0.9999802,-0.0062893177,0.055480864,0.027039882,-0.03581979309365433,0.026365457,0.16372949,0.07218107599057597
4.1999999999997595,-0.0057477537,0.025033655,-0.10147900305583912,0.9999835,-0.005747722,0.05601597,0.026459148,0.009984643216475516,0.027803496,0.17265971,0.07218107599057597
4.219999999999757,-0.0052652126,0.023031158,-0.31283564606876835,0.9999861,-0.0052651884,0.056546777,0.026627809,-0.09217978374376716,0.02334533,0.1449745,0.07218107599057597
4.239999999999755,-0.0048563597,0.017593015,-0.3436034270621943,0.9999882,-0.0048563406,0.057064615,0.025122808,-0.1104485465958548,0.020961398,0.13017029,0.07218107599057597
4.259999999999753,-0.0045611374,0.011659392,0.043308475866549206,0.99998957,-0.0045611216,0.057549436,0.023317475,0.06487291072812251,0.026997318,0.16765335,0.07218107599057597
4.279999999999751,-0.004322717,0.012065996,0.15623629175266315,0.99999064,-0.0043227035,0.05802617,0.024382317,0.11458124756907029,0.03030944,0.18822163,0.07218107599057597
4.2999999999997485,-0.0040579936,0.014343789,0.30612171912439035,0.9999918,-0.0040579825,0.05853215,0.026261372,0.18109009544177188,0.035208173,0.21864276,0.07218107599057597
4.319999999999746,-0.0037235809,0.019108405,0.21172377350186325,0.9999931,-0.0037235722,0.05908634,0.02923019,0.13437657166784253,0.036115754,0.22427884,0.07218107599057597
4.339999999999744,-0.0033087225,0.02237135,0.2644969330659685,0.9999945,-0.0033087165,0.05969245,0.031434935,0.1546738633234587,0.039256744,0.24378438,0.07218107599057597
4.359999999999742,-0.002819915,0.026544971,0.1943506021899625,0.999996,-0.0028199113,0.06034591,0.033972796,0.11761326207069665,0.040149998,0.24933149,0.07218107599057597
4.37999999999974,-0.0022585506,0.02962389,0.2942433176488341,0.99999744,-0.0022585487,0.061044198,0.035904568,0.15818492207229634,0.043916866,0.27272373,0.07218107599057597
4.3999999999997375,-0.0016193234,0.034396403,0.061278837790285604,0.9999987,-0.0016193227,0.061787616,0.038501468,0.04462540391760535,0.04141588,0.2571926,0.07218107599057597
4.419999999999735,-0.0009215214,0.035419427,0.079714976083796,0.9999996,-0.0009215213,0.06256482,0.039239507,0.0462908045080652,0.04220337,0.26208293,0.07218107599057597
4.439999999999733,-0.00019998895,0.03680276,-0.003693594882317518,1.0,-0.00019998895,0.06335705,0.040005047,0.0007952288009154354,0.040893324,0.25394756,0.07218107599057597
4.459999999999731,0.00053621136,0.03688032,-0.20761361436716763,0.9999999,0.00053621136,0.06415732,0.040025763,-0.10039892670062005,0.03631308,0.22550422,0.07218107599057597
4.479999999999729,0.001241669,0.033672407,-0.16065979725037707,0.9999992,0.0012416686,0.06494182,0.03838915,-0.08572830635959826,0.035261177,0.21897191,0.07218107599057597
4.499999999999726,0.0018907076,0.031275194,-0.0388916375008064,0.9999982,0.0018907065,0.06569593,0.03699216,-0.03601541488862312,0.036035698,0.22378169,0.07218107599057597
4.519999999999724,0.0025115,0.030914064,0.19270661989092666,0.99999684,0.0025114974,0.066430055,0.036408875,0.06461784169536341,0.039936393,0.248005,0.07218107599057597
4.539999999999722,0.0031623652,0.034395643,-0.3414293393718362,0.999995,0.0031623598,0.067168586,0.037473693,-0.18786527392513472,0.029612975,0.18389657,0.07218107599057597
4.55999999999972,0.0037977987,0.029186519,-0.26372542290295486,0.9999928,0.0037977896,0.06788805,0.034404088,-0.15836627755493607,0.027769936,0.1724513,0.07218107599057597
4.579999999999718,0.004341632,0.025278395,0.09115797587215319,0.9999906,0.0043416186,0.06855084,0.031816542,-0.00021485473221791824,0.032219406,0.20008251,0.07218107599057597
4.599999999999715,0.0048642023,0.027213108,-0.1845817375429409,0.9999882,0.0048641833,0.06918717,0.031818386,-0.13238467954836547,0.026237395,0.16293423,0.07218107599057597
4.619999999999713,0.0053816377,0.024676345,0.01364340179447251,0.9999855,0.0053816116,0.0698024,0.02965597,-0.04614791149218916,0.02788335,0.1731556,0.07218107599057597
4.639999999999711,0.0058802026,0.025418194,-0.14002401998168984,0.9999827,0.0058801686,0.07038817,0.028905418,-0.12184447309088856,0.023678202,0.14704163,0.07218107599057597
4.659999999999709,0.0063692606,0.02368272,-0.5664858010977544,0.99997973,0.0063692178,0.07094683,0.02691527,-0.32319955437041814,0.012547837,0.07792207,0.07218107599057597
4.679999999999707,0.0067555793,0.014987258,-0.9690697089844722,0.9999772,0.006755528,0.071433485,0.021626983,-0.512645016728333,-0.0014078444,-0.008742713,0.07218107599057597
4.699999999999704,0.0069035785,-0.00031377224,-0.7050727806324812,0.99997616,0.0069035236,0.07178408,0.013234145,-0.3926585533525278,-0.004581909,-0.028453656,0.07218107599057597
4.719999999999702,0.0067874976,-0.011339841,-0.42120601622345016,0.999977,0.0067874454,0.07198599,0.006803244,-0.2608616143886065,-0.005205048,-0.032323346,0.07218107599057597
4.7399999999997,0.0064959954,-0.017767772,-0.4950224116499235,0.9999789,0.00649595,0.07208033,0.0025286044,-0.2921127875999176,-0.010960196,-0.06806282,0.07218107599057597
4.759999999999698,0.006063861,-0.025455005,-0.49092862492382583,0.99998164,0.0060638236,0.07208417,-0.0022592158,-0.28609801281637554,-0.015552529,-0.096581206,0.07218107599057597
4.779999999999696,0.0054782815,-0.03314055,-0.12487667447690463,0.999985,0.005478254,0.07199322,-0.006950141,-0.11177287516323973,-0.012455737,-0.07735013,0.07218107599057597
4.799999999999693,0.0047971075,-0.03490306,0.32969213695012745,0.9999885,0.004797089,0.0718363,-0.008787586,0.1043670622546035,-0.004556153,-0.02829371,0.07218107599057597
4.819999999999691,0.0041530477,-0.029274257,0.3632347565123732,0.99999136,0.0041530356,0.0716772,-0.0070854737,0.12622457086254527,-0.001795472,-0.011149881,0.07218107599057597
4.839999999999689,0.003626777,-0.023121841,0.015143503880333682,0.99999344,0.0036267692,0.07155564,-0.0050242143,-0.028936582156010388,-0.006648403,-0.041286584,0.07218107599057597
4.859999999999687,0.0031677994,-0.022690227,-0.15035249690121352,0.999995,0.003167794,0.0714505,-0.0055029066,-0.10069414589649951,-0.010342194,-0.064225025,0.07218107599057597
4.879999999999685,0.0026908007,-0.025005013,-0.14925856814905852,0.99999636,0.0026907974,0.07132433,-0.0071567604,-0.09554421254845563,-0.011770808,-0.07309672,0.07218107599057597
4.899999999999682,0.0021674258,-0.02734833,0.27507740475535714,0.9999977,0.0021674242,0.07116589,-0.008726763,0.10510474604360298,-0.004305306,-0.02673595,0.07218107599057597
4.91999999999968,0.0016647682,-0.022786163,-0.06551622097275464,0.9999986,0.0016647674,0.07100812,-0.007011038,-0.04685502472261269,-0.009368322,-0.058177277,0.07218107599057597
4.939999999999678,0.0011987721,-0.023826703,0.14197776415702135,0.9999993,0.0011987719,0.07086039,-0.0077831633,0.05332150358305122,-0.0056170467,-0.03488186,0.07218107599057597
4.959999999999676,0.000744925,-0.021506336,-0.1562290035142062,0.9999997,0.00074492494,0.07071323,-0.006914825,-0.079616183715736,-0.010691451,-0.06639391,0.07218107599057597
4.979999999999674,0.00028965308,-0.02409946,-0.09340254316177815,0.99999994,0.00028965308,0.07056218,-0.008223261,-0.04623514646574686,-0.010497121,-0.06518713,0.07218107599057597
4.999999999999671,-0.00020768704,-0.025708694,0.44043874188658233,1.0,-0.00020768704,0.0703903,-0.008985533,0.20463221893047734,5.350891e-05,0.00033229034,0.07218107599057597
