# Saving: 0.02 s
time,angle,angleD,angle_cos,angle_sin,position,positionD,Q,target_position
23525.949821710587,-2.1708503697703114,-2.684466378802313,-0.5646870761627996,-0.8253050987451299,-0.0090927038626609,0.0,0.99851435,0.0
23525.99012851715,-2.336520294861961,-4.141748127294998,-0.6930590748190888,-0.72088079375921,-0.0085828326180257,0.0127467811158914,0.4686806,0.0
23526.01028394699,-2.445432930801841,-5.445631796998979,-0.7673105158717257,-0.6412757380664468,-0.0065433476394849,0.1019742489271314,0.16041721,0.0
23526.03059053421,-2.5650834322569214,-5.982525072759442,-0.8383705799300344,-0.5451006977685663,-0.004163948497854,0.1189699570816532,0.03870001,0.0
23526.050871372223,-2.693937818439315,-6.442719309125553,-0.9014646911614737,-0.4328526430428132,-0.0019545064377682,0.1104721030043923,-0.13760813,0.0
23526.07131075859,-2.8243261854095945,-6.519418348519904,-0.95009174828003,-0.3119706233769392,-0.0005948497854077,0.0679828326180875,-0.28094018,0.0
23526.09150218964,-2.9669863986829594,-7.133010663674718,-0.9847950167943836,-0.1737203928643656,-0.0005098712446351,0.0042489270386304,-0.45545503,0.0
23526.111765146252,-3.101976708016896,-6.74951546670296,-0.9992153910515224,-0.0396055840223738,-0.0015296137339055,-0.0509871244635656,-0.34400874,0.0
23526.1318063736,3.046218289828754,-6.749515466626226,-0.9954553119115228,0.0952298376935126,-0.0030592274678111,-0.076480686694479,0.14750467,0.0
23526.152279376984,2.912761961282704,-6.672816427308607,-0.9739323051792552,0.2268388523340343,-0.0040789699570815,-0.0509871244635656,0.26093614,0.0
23526.172500133514,2.7670337864335672,-7.286408742463423,-0.9306691062118798,0.3658620159879687,-0.004163948497854,-0.0042489270386304,0.6047995,0.0
23526.19259929657,2.6335774578875166,-6.672816427308607,-0.8737117242419543,0.4864440593965057,-0.002719313304721,0.072231759656718,0.8586068,0.0
23526.21294593811,2.490917244614152,-7.133010663674718,-0.7956748686720969,0.605723949801922,0.0006798283261802,0.1699570815452189,0.98116624,0.0
23526.23335719109,2.342121108189245,-7.439806821252126,-0.6970857021725606,0.716987812885678,0.0063733905579399,0.2846781115882417,0.9482257,0.0
23526.253494501118,2.202528856491651,-6.979612584886016,-0.5905438046902064,0.8070055853226887,0.0135965665236051,0.3611587982835903,0.75705594,0.0
23526.273612737656,2.0752084510971427,-6.366020269731202,-0.4832928629473852,0.87545874181718,0.0214995708154506,0.395150214592634,0.60163534,0.0
23526.293999671936,1.9555579496420623,-5.982525072759442,-0.3753381985076382,0.9268879310580328,0.0291476394849785,0.3824034334767427,0.23549359,0.0
23526.3143529892,1.8512472560658395,-5.215534678815924,-0.2767889884808678,0.9609307237547032,0.0356909871244635,0.3271673819745466,-0.2661017,0.0
23526.33466053009,1.7684122935200142,-4.141748127294998,-0.1963322570954992,0.9805374265288332,0.0396849785407725,0.1996995708156321,-0.6607895,0.0
23526.354892730717,1.7055190812167034,-3.144660615168424,-0.1343155828257159,0.9909386076897944,0.0401948497854077,0.0254935622317829,-0.890446,0.0
23526.375071763992,1.6625676191559051,-2.147573103041851,-0.0916425307475515,0.9957919695188268,0.0376454935622317,-0.1274678111589142,-0.95140886,0.0
23526.39544391632,1.6349559649739636,-1.3805827090826372,-0.0641156288163462,0.997942476368996,0.0328866952789699,-0.2379399141606015,-0.67952776,0.0
23526.41566324234,1.6257520802466496,-0.4601942363661109,-0.0549280953310597,0.9984903125936184,0.0269381974248927,-0.2974248927041332,-0.50978047,0.0
23526.43595695496,1.6318880033981928,0.3067961575774072,-0.0610536827065611,0.9981344838387092,0.0207347639484978,-0.3101716738200245,0.02709371,0.0
23526.456262111664,1.6594996575801335,1.3805827090983327,-0.0885870527529581,0.996068438454178,0.0158909871244635,-0.242188841201937,0.7090721,0.0
23526.476788282394,1.6947812157015036,1.7640779060700915,-0.1236674784637941,0.9923237147072556,0.014531330472103,-0.0679828326180876,0.99384135,0.0
23526.4967648983,1.736198696974416,2.070874063647499,-0.1646492230141221,0.9863521852567904,0.0168257510729613,0.1147210300430227,0.99814427,0.0
23526.516966581345,1.7914220053382994,2.7611654181966654,-0.2188401784200671,0.9757607167277608,0.0215845493562231,0.2379399141633066,0.99906677,0.0
23526.537245750427,1.8573831792173816,3.298058693957128,-0.2826799380831677,0.959214289199914,0.0282978540772532,0.3356652360518075,0.9987607,0.0
23526.55777549744,1.9325482378237784,3.758252930323239,-0.3539132998051391,0.93527823465589,0.0364557939914163,0.4078969957085254,0.9975537,0.0
23526.57775568962,2.01998514273326,4.371845245478053,-0.4342349627456492,0.9007996431667168,0.0454635193133047,0.4503862660948303,0.98979956,0.0
23526.598138570786,2.1212278747337123,5.06213660002722,-0.5230550854485568,0.8522988780858525,0.0548961373390557,0.4716309012879825,0.9818022,0.0
23526.618377685547,2.236276433825135,5.752427954576386,-0.6174368658774099,0.7866204400188704,0.064668669527897,0.4886266094425047,0.96445113,0.0
23526.638786792755,2.355926935280216,5.982525072691428,-0.7069175659867559,0.7072959457676543,0.0745261802575107,0.4928755364755314,0.9026886,0.0
23526.659001111984,2.4970531677656944,7.056311624280367,-0.7993765426027675,0.6008303780073424,0.084468669527897,0.4971244635197655,0.8213565,0.0
23526.6793255806,2.6335774578875166,6.826214506097312,-0.8737117242419543,0.4864440593965057,0.0942412017167382,0.4886266094425047,0.26098058,0.0
23526.69981741905,2.777771651948767,7.209709703069071,-0.9345439544663192,0.3558477162642104,0.1027390557939914,0.4248927038630473,-0.85899884,0.0
23526.71969771385,2.9419075962525305,8.206797215195644,-0.9801290986823992,0.1983606561695845,0.1068180257510729,0.2039484978542625,-0.9889565,0.0
23526.74007129669,3.133655194738236,9.587379924293977,-0.9999684985388816,0.0079373755041985,0.1058832618025751,-0.0467381974249352,-0.99203485,0.0
23526.76031327248,-2.947044648440446,10.12427320005444,-0.9811351508089304,-0.1933230866894517,0.1019742489270386,-0.1954506437770017,-0.9869424,0.0
23526.780683994293,-2.746093165227427,10.047574160660089,-0.9228042420204876,-0.3852691668288465,0.0957708154506437,-0.3101716738200245,-0.9864849,0.0
23526.80099105835,-2.545141682014408,10.047574160660089,-0.8273343450963976,-0.5617097839845011,0.0880377682403433,-0.3866523605153728,-0.99371463,0.0
23526.8213057518,-2.348792141165046,9.817477042477032,-0.701853205005447,-0.7123216117903358,0.0794549356223176,-0.429141630901678,-0.98748565,0.0
23526.84158682823,-2.1662484274066545,9.127185687927865,-0.5608831036463594,-0.8278950078627285,0.070107296137339,-0.4673819742493525,-0.9328934,0.0
23526.861924409863,-1.9959765599513488,8.513593372773052,-0.4124849744321139,-0.9109644042813848,0.0605047210300429,-0.4801287553652433,-0.94764644,0.0
23526.881994009014,-1.8379765387991276,7.900001057618237,-0.2640127502686141,-0.9645191899053136,0.0509021459227467,-0.4801287553652436,-0.88282186,0.0
23526.90237927437,-1.702986229465191,6.749515466626226,-0.1318052540815295,-0.9912756301839076,0.0411296137339055,-0.4886266094369493,-0.77066714,0.0
23526.922806978226,-1.575665824070683,6.366020269731202,-0.0048694780315526,-0.999988144021568,0.0316120171673819,-0.4758798283266132,-0.83586586,0.0
23526.94300174713,-1.4713551304944592,5.215534678815924,0.0992773890800579,-0.995059797206905,0.0221793991416309,-0.4716309012879825,-0.7627247,0.0
23526.96334886551,-1.382384244797092,4.448544284872406,0.1872993153263835,-0.9823028893769314,0.0129167381974248,-0.4631330472107217,-0.68246806,0.0
23526.98339986801,-1.30568520540281,3.834951969717591,0.2620165089544711,-0.9650633912004494,0.0039090128755364,-0.4503862660948303,-0.5888055,0.0
23527.003724336624,-1.2458599546752698,2.991262536379721,0.3192484882036238,-0.9476710414377452,-0.0047587982832618,-0.4333905579403084,-0.5225868,0.0
23527.02402234077,-1.2013745118265864,2.224272142436203,0.3610763138354881,-0.9325362703868284,-0.0128317596566523,-0.403648068669895,-0.3314787,0.0
23527.04453396797,-1.1676269344931025,1.68737886667574,0.3923355851840243,-0.9198221505260183,-0.0200549356223175,-0.3611587982835902,0.055402435,0.0
23527.06444978714,-1.1461512034627033,1.0737865515209255,0.4119974493971038,-0.9111849986091084,-0.0253236051502145,-0.2634334763950894,0.6648413,0.0
23527.08467888832,-1.130811395583847,0.7669903939435182,0.4259258315057758,-0.9047580815091476,-0.0271081545064377,-0.0892274678112399,0.9112841,0.0
23527.105084896088,-1.12620945322019,0.2300971181830554,0.4300849512600253,-0.9027884218905676,-0.0253236051502145,0.0892274678112399,0.9786843,0.0
23527.125457525253,-1.1323453763717324,-0.3067961575774072,0.4245374494130479,-0.9054103788039232,-0.0208197424892703,0.2251931330474151,0.9934179,0.0
23527.145808696747,-1.1461512034627033,-0.6902913545413186,0.4119974493971038,-0.9111849986091084,-0.0141064377682403,0.3356652360479913,0.94645464,0.0
23527.16619873047,-1.1706948960688734,-1.227184630309629,0.3895117641906183,-0.9210214902797396,-0.0059484978540772,0.4078969957085255,0.7173715,0.0
23527.18628144264,-1.2121123773417857,-2.070874063647499,0.3510422410364899,-0.9363596237600588,0.0025493562231759,0.4248927038630474,0.20651254,0.0
23527.20680975914,-1.2642677241298976,-2.607767339407962,0.3017508767987688,-0.9533868094069554,0.0101124463519313,0.3781545064381122,-0.4942948,0.0
23527.22675466537,-1.334830840372637,-3.5281558121401835,0.2337818262346307,-0.9722890813551291,0.0143613733905579,0.2124463519315236,-0.9824899,0.0
23527.24706435204,-1.4284036684336612,-4.678641403055461,0.1419119615374198,-0.9898792831313332,0.0143613733905579,0.0,-1.0,0.0
23527.267554044724,-1.5419182467371986,-5.6757289151820345,0.0288740664438276,-0.999583057222859,0.0108772532188841,-0.1742060085838494,-0.99981374,0.0
23527.287694454197,-1.66463670976805,-6.135923151548146,-0.0937027169262046,-0.9956002213944348,0.0051836909871244,-0.2846781115882417,-0.99984,0.0
23527.30800962448,-1.8118988654050716,-7.363107781857774,-0.2387734193563495,-0.9710753082067718,-0.0021244635193133,-0.3654077253222208,-0.99985707,0.0
23527.328092575077,-1.9714328673451784,-7.976700097012589,-0.3900045560480102,-0.920812926854198,-0.0105373390557939,-0.420643776824417,-0.81259334,0.0
23527.348403453827,-2.1493746387399124,-8.897088569744811,-0.5468341944025913,-0.8372409234097847,-0.0193751072961373,-0.4418884120175692,-0.7249399,0.0
23527.36894726753,-2.331918352498304,-9.127185687927865,-0.6897342959187965,-0.7240625670709694,-0.0280429184549356,-0.4333905579403084,-0.7825504,0.0
23527.389083862305,-2.5298018741355515,-9.894176081871384,-0.818620824855645,-0.574334349584511,-0.0363708154506437,-0.4163948497857865,-0.7885845,0.0
23527.40936470032,-2.744559184439541,-10.73786551508718,-0.9222121610284252,-0.3866842769641431,-0.044868669527897,-0.4248927038582168,-0.7755105,0.0
23527.42945408821,-2.9715883410466164,-11.351457830364067,-0.9855840372942106,-0.1691865994422845,-0.0532815450643776,-0.4206437768244169,-0.23154883,0.0
23527.44997859001,3.09683965582898,-10.737865515209254,-0.9989987517233544,0.0447380604762856,-0.0607596566523605,-0.373905579399482,0.24953943,0.0
23527.470287799835,2.8652085568582484,-11.581554948547124,-0.962048428650076,0.2728787659967689,-0.0656034334763948,-0.242188841201937,0.9293113,0.0
23527.49042892456,2.6121017268571176,-12.65534150006805,-0.8630643122127578,0.5050940437034664,-0.0661982832618025,-0.029742489270413,0.8042709,0.0
23527.510902166367,2.357460916068101,-12.732040539462403,-0.7080017122307437,0.7062107160602529,-0.0636489270386266,0.1274678111589142,0.21811044,0.0
23527.53096151352,2.1104900092185126,-12.348545342490642,-0.5138732362918954,0.8578661300126575,-0.0609296137339055,0.135965665236175,-0.35909918,0.0
23527.55147266388,1.8711890063083525,-11.965050145518884,-0.2958953249352409,0.9552203707425152,-0.0599948497854077,0.0467381974249352,-0.7243555,0.0
23527.571807146072,1.6548977152164772,-10.814564554603605,-0.0840022813472379,0.9964655622390868,-0.0616094420600858,-0.080729613733979,-0.9941112,0.0
23527.592141866684,1.4539462320034584,-10.047574160660089,0.1165843654811664,0.9931807920642414,-0.0656884120171673,-0.2039484978542625,-0.99239093,0.0
23527.612309217453,1.2882763069118086,-8.283496254589997,0.2787766473162126,0.9603559657289228,-0.0718918454935622,-0.3101716738200252,-0.92299885,0.0
23527.632377147675,1.1517520167899864,-6.826214506097312,0.4068876370148834,0.9134782158565384,-0.0796248927038626,-0.3866523605153728,-0.7670179,0.0
23527.65269970894,1.1486840552142157,-4.4268128903270245,0.4096882337943411,0.9122256031763596,-0.0880377682403433,-0.420643776819635,-0.24703105,0.0
23527.67280626297,1.1088005547291893,-1.889934057076268,0.4457355381763915,0.8951646943476952,-0.0956008583690987,-0.378154506438112,-0.05552832,0.0
23527.693291664124,0.9906840340619948,0.9915094001706476,0.5481178620134083,0.8364011055360043,-0.1013793991416309,-0.2889270386268722,0.15442084,0.0
23527.71345424652,0.8894413020615425,-5.06213660002722,0.6298460767010895,0.7767199750645308,-0.1051184549356223,-0.186952789699741,0.71159357,0.0
23527.73372387886,0.814276243455146,-3.758252930323239,0.6863949099386031,0.7272290063043256,-0.1058832618025751,-0.0382403433476737,0.7791551,0.0
23527.75407099724,0.7621208966670343,-2.607767339407962,0.723373250410503,0.6904571967838004,-0.1035888412017167,0.1147210300430227,0.90067303,0.0
23527.774376153942,0.7191694346062364,-2.147573103041851,0.7523531318552525,0.658760020787231,-0.099169957081545,0.2209442060087847,0.9180067,0.0
23527.794457435608,0.6961597227879517,-1.1504855909152771,0.7673105158717259,0.6412757380664466,-0.0928815450643777,0.3144206008586545,0.9390419,0.0
23527.81503891945,0.6915577804242948,-0.2300971181830554,0.7702534944529558,0.6377378413447099,-0.0849785407725322,0.3951502145926343,0.9173177,0.0
23527.835070610046,0.6930917612121804,0.0766990393943518,0.769274310999851,0.6389186446142454,-0.0761407725321888,0.4418884120175695,1.0,0.0
23527.8556330204,0.7099655498789225,0.8436894333378699,0.7583843312928218,0.6518076449762917,-0.0667931330472103,0.4673819742493518,0.8844149,0.0
23527.87574124336,0.7406451656366353,1.5339807878870364,0.7380333776803955,0.6747642058005646,-0.0571055793991416,0.4843776824038743,0.74213785,0.0
23527.896095514297,0.7743927429701194,1.68737886667574,0.7148458098101519,0.6992821091640112,-0.0475030042918454,0.4801287553652436,0.7110559,0.0
23527.91636776924,0.82348012818246,2.454369260591355,0.6796725999302369,0.7335156146286678,-0.0382403433476394,0.4631330472054562,0.6559556,0.0
23527.93671965599,0.8802374173342288,2.837864457591017,0.6369681394731385,0.7708901279015892,-0.0291476394849785,0.4546351931334608,0.63365304,0.0
23527.957051038746,0.9492665527890826,3.451456772745832,0.582279530287006,0.8129886522017042,-0.0204798283261802,0.4333905579403084,0.6475607,0.0
23527.97713375092,1.03823743848645,4.448544284872406,0.5077395106282423,0.8615106437804428,-0.011981974248927,0.4248927038630474,0.6800964,0.0
23527.997318029404,1.1241403626080455,4.295146206083702,0.4319519803499396,0.901896605311144,-0.0035690987124463,0.420643776824417,0.5343102,0.0
23528.017656087875,1.1502180360021017,5.06341491735046,0.4082884157756525,0.9128529835320734,0.0045038626609442,0.403648068669895,0.5424644,0.0
23528.03789949417,1.1517520167899864,5.578693009281603,0.4068876370148834,0.9134782158565384,0.0121519313304721,0.3824034334767426,0.45758456,0.0
23528.05819797516,1.23151901776004,3.988350048506295,0.3328056848338096,0.942995427423855,0.0192051502145922,0.3526609442063293,0.22966082,0.0
23528.078028202057,1.3864510773364902,7.746602978829533,0.1833029161027934,0.9830564790225494,0.0254085836909871,0.3101716738200247,0.799185,0.0
23528.098625659943,1.552121002428139,8.283496254589997,0.0186742388272415,0.9998256211981283,0.0316969957081545,0.3144206008586549,0.23626882,0.0
23528.11914873123,1.7377326777623017,9.28058376671657,-0.1661620740052417,0.9860984561200148,0.0374755364806866,0.2889270386268722,0.43123704,0.0
23528.139439821243,1.9356161993995495,9.894176081871384,-0.3567810274070244,0.9341880423567774,0.0428291845493562,0.26768240343372,0.35215533,0.0
23528.159745931625,2.1549754520671964,10.967962633267618,-0.551514823179891,0.8341650914614286,0.047587982832618,0.2379399141606015,0.40938446,0.0
23528.17965555191,2.3774026663106147,11.121360712181014,-0.7219430844968363,0.691952442547314,0.0520918454935622,0.2251931330474151,0.49842203,0.0
23528.200190782547,2.6121017268571176,11.734953027335829,-0.8630643122127578,0.5050940437034664,0.0566806866952789,0.2294420600860455,0.06790063,0.0
23528.22040843964,2.8529367105551637,12.041749184913234,-0.9586273459484556,0.2846640328524489,0.0605896995708154,0.1954506437770017,0.18311253,0.0
23528.240617752075,3.109111502132065,12.808739578856754,-0.9994725337766164,0.032475440353452,0.0639038626609442,0.1657081545065883,-0.14300312,0.0
23528.2608397007,-2.9347728021373607,11.965050145518884,-0.9786889014767008,-0.2053485673831905,0.06611330472103,0.1104721030043927,0.08977075,0.0
23528.28140616417,-2.689335876075658,12.271846303096291,-0.8994631897413905,-0.436996533510557,0.0678128755364806,0.084978540772609,-0.6357123,0.0
23528.301595687863,-2.446966911589727,12.118448224307588,-0.7682933173699834,-0.6400979444464933,0.0676429184549356,-0.0084978540772607,-0.3505131,0.0
23528.321788072582,-2.2061319278916813,12.041749184913234,-0.5934476638908412,-0.804872580115948,0.0662832618025751,-0.0679828326180875,-0.25526536,0.0
23528.34227371216,-1.9837047136482635,11.121360712181014,-0.4012749805080916,-0.9159576354931656,0.0645836909871244,-0.0849785407726097,0.19386338,0.0
23528.362503767014,-1.781219249647359,10.12427320005444,-0.208873512815062,-0.9779426648041776,0.0637339055793991,-0.0424892703863045,0.26448894,0.0
23528.38258624077,-1.5879376703737678,9.664078963688327,-0.0171405041634391,-0.9998530907673504,0.0638188841201716,0.0042489270386307,0.023126366,0.0
23528.402996778488,-1.416131822130576,8.590292412167404,0.1540486173488998,-0.9880632689726364,0.0639888412017167,0.0084978540772607,0.1027278,0.0
23528.423347473145,-1.2627337433420118,7.669903939347985,0.3032129982497839,-0.952922807835124,0.0645836909871244,0.0297424892700748,-0.037976623,0.0
23528.443475484848,-1.1200735300686473,7.133010663674718,0.4356162606516733,-0.9001324755033858,0.0650935622317596,0.0254935622317829,-0.4841676,0.0
23528.46379184723,-0.9912191438862537,6.442719309125553,0.5476702171114505,-0.836694289026223,0.0643287553648068,-0.0382403433476744,-0.8605921,0.0
23528.483927488327,-0.8807725271584874,5.522330836393331,0.6365555374164307,-0.7712308654251846,0.0615244635193133,-0.1402145922748054,-0.9999691,0.0
23528.50428009033,-0.7902676606732346,4.525243324266757,0.7036551568068506,-0.7105416386807506,0.0561708154506437,-0.26768240343372,-0.9767051,0.0
23528.52457237244,-0.7181705636426094,3.604854851534536,0.7530107726750132,-0.658008188577756,0.048862660944206,-0.3654077253222205,-0.7490352,0.0
23528.544683218,-0.6614132744908408,2.837864457591017,0.7891249404357159,-0.6142327151677349,0.0408746781115879,-0.3993991416312646,-0.72885346,0.0
23528.565061807632,-0.6123258892785002,2.454369260619258,0.8183133757144666,-0.5747723193811566,0.0326317596566523,-0.4121459227471561,-0.5635023,0.0
23528.585435390472,-0.570908408005588,2.070874063647499,0.8414104217860798,-0.540396615560989,0.0247287553648068,-0.3951502145926341,-0.46032596,0.0
23528.605700969696,-0.5356268498842182,1.7640779060700915,0.859948866481844,-0.5103801985153731,0.017250643776824,-0.3739055793994816,-0.29260367,0.0
23528.62591433525,-0.5080151957022766,1.3805827090983327,0.8737117242419543,-0.4864440593965057,0.010707296137339,-0.3271673819745465,-0.12133458,0.0
23528.64632058144,-0.4834715030961063,1.227184630309629,0.8853865134309683,-0.4648555924527033,0.0053536480686695,-0.2676824034337198,0.5390118,0.0
23528.66650652885,-0.4558598489141648,1.3805827090826372,0.8978828249715778,-0.4402345200243376,0.0030592274678111,-0.1147210300417185,0.9999933,0.0
23528.686784267426,-0.4221122715806807,1.68737886667574,0.9122256031763598,-0.4096882337943409,0.0045038626609442,0.072231759656718,1.0,0.0
23528.707074165344,-0.3852967326714253,1.840776945464444,0.9266869512064652,-0.3758341315842221,0.0089227467811158,0.2209442060087846,1.0,0.0
23528.72733402252,-0.3408112898227416,2.224272142436203,0.942483800617772,-0.3342518295732724,0.0155510729613733,0.331416309013177,0.9999347,0.0
23528.74759244919,-0.2947918661861725,2.3009711818305543,0.9568626343902316,-0.2905407009487417,0.0237090128755364,0.4078969957085255,0.50238687,0.0
23528.768063545227,-0.2564423464890314,1.9174759848587957,0.9672984639897309,-0.2536408515265381,0.0318669527896995,0.4078969957085255,0.5808125,0.0
23528.78821325302,-0.219626807579776,1.840776945464444,0.975978823012039,-0.2178654103616156,0.0396849785407725,0.3909012875540035,0.9999038,0.0
23528.808394908905,-0.1889471918220632,1.5339807878870364,0.9822025230404656,-0.1878249284119225,0.0480978540772532,0.4206437768244169,0.9541326,0.0
23528.82864308357,-0.1551996144885791,1.68737886667574,0.9879806945857516,-0.154577317630549,0.0571055793991416,0.4503862660948303,1.0,0.0
23528.84894657135,-0.1275879603066375,1.3805827090983327,0.9918716916890434,-0.1272420811913854,0.0666231759656652,0.4758798283266129,0.75979334,0.0
23528.869272708893,-0.0969083445489247,1.5339807878870364,0.9953080600261048,-0.0967567343758132,0.0761407725321888,0.4758798283266132,0.92271,0.0
23528.889655590057,-0.0692966903669832,1.3805827090983327,0.9975999450109996,-0.0692412428690489,0.0857433476394849,0.4801287553652439,0.74474883,0.0
23528.909732818604,-0.0416850361850416,1.3805827090983327,0.9991313046801958,-0.0416729649539094,0.0950909871244635,0.4673819742493518,0.99938923,0.0
23528.93012189865,-0.0171413435788714,1.2271846302956777,0.9998530907673504,-0.0171405041634394,0.1047785407725322,0.4843776823983672,0.9424793,0.0
23528.95031952858,0.0135382721788414,1.5339807878870364,0.9999083589929192,0.0135378586226825,0.1147210300429184,0.4971244635197655,1.0,0.0
23528.97062397003,0.0411499263607829,1.3805827090983327,0.999153461245198,0.041138314036195,0.1248334763948497,0.5056223175970262,0.6866265,0.0
23528.990986585617,0.0687615805427244,1.3805827090983327,0.9976368538508948,0.0687074074499138,0.1346909871244635,0.4928755364811354,0.7096454,0.0
23529.011276483536,0.0994411963004373,1.5339807878870364,0.995059797206905,0.0992773890800578,0.144038626609442,0.4673819742493511,0.68606454,0.0
23529.031507492065,0.1239848889066075,1.227184630309629,0.9923237147072556,0.1236674784637946,0.1530463519313304,0.4503862660948309,-0.13643771,0.0
23529.05172181129,0.151596543088549,1.3805827090983327,0.9885312334561628,0.1510165569784889,0.1597596566523605,0.3356652360518075,-0.06362723,0.0
23529.071981430054,0.1669363509674055,0.7669903939435182,0.9860984561200148,0.1661620740052422,0.1640935622317596,0.216695278970154,-0.99642247,0.0
23529.09229040146,0.1669363509674055,0.0,0.9860984561200148,0.1661620740052422,0.1642635193133047,0.0084978540772614,-0.79603785,0.0
23529.112636327744,0.1546645046643204,-0.6135923151548145,0.9880632689726364,0.1540486173488996,0.1613742489270386,-0.1444635193134364,-0.7003171,0.0
23529.132920503616,0.1454606199370065,-0.4601942363661109,0.9894392448087856,0.1449482005139079,0.1572103004291845,-0.2081974248928939,-0.39499456,0.0
23529.153068065643,0.1316547928460357,-0.6902913545491663,0.9913460185447102,0.1312747939078605,0.1525364806866952,-0.2336909871246755,-0.649838,0.0
23529.17358827591,0.1239848889066075,-0.3834951969673992,0.9923237147072556,0.1236674784637946,0.1472678111587982,-0.2634334763920951,-0.37933916,0.0
23529.193641901016,0.1086450810277511,-0.7669903939435182,0.9941039262588756,0.108431470508742,0.1419991416309013,-0.2634334763950886,-0.8790865,0.0
23529.214294433597,0.0994411963004373,-0.4601942363661109,0.995059797206905,0.0992773890800578,0.1357957081545064,-0.3101716738200245,-0.53894234,0.0
23529.23424220085,0.0871693499973521,-0.6135923151548145,0.9962031573152365,0.0870589992772403,0.129337339055794,-0.322918454935916,-0.9042624,0.0
23529.25445652008,0.074897503694267,-0.6135923151548145,0.9971964928923992,0.0748274987093598,0.1219442060085837,-0.3696566523608512,-0.90960014,0.0
23529.274919986725,0.058023715027525,-0.8436894333378699,0.9983170964865232,0.0579911619362618,0.113701287553648,-0.4121459227471565,-0.8338704,0.0
23529.295023918152,0.0411499263607829,-0.8436894333378699,0.999153461245198,0.041138314036195,0.1049484978540772,-0.4376394849789388,-0.7527527,0.0
23529.315325021744,0.0212081761182696,-0.9970875121265736,0.9997751150622464,0.0212065862946447,0.0959407725321888,-0.4503862660948303,-0.7194991,0.0
23529.335661172867,0.0074023490272988,-0.6902913545491663,0.9999726027395416,0.0074022814258139,0.087187982832618,-0.4376394849789388,-0.7132713,0.0
23529.355860948563,-0.0110054204273288,-0.9203884727322218,0.9999394409718514,-0.0110051982672434,0.0784351931330472,-0.4376394849789388,-0.9071445,0.0
23529.37610721588,-0.0263452283061852,-0.7669903939435182,0.9996529845445592,-0.0263421808352133,0.0693424892703862,-0.4546351931334603,-0.8253009,0.0
23529.396459817886,-0.0478209593365842,-1.0737865515209255,0.9988567958097954,-0.0478027349069979,0.0599948497854077,-0.4673819742493525,-0.9300214,0.0
23529.41665649414,-0.0662287287912119,-0.9203884727322218,0.9978076792550278,-0.0661803235085438,0.0503922746781115,-0.4801287553652436,-0.41336402,0.0
23529.437313318253,-0.0846364982458396,-0.9203884727217582,0.9964204691299944,-0.0845354878069683,0.0414695278969957,-0.4461373390511275,-0.6684805,0.0
23529.457543373108,-0.1030442677004673,-0.9203884727322218,0.9946956354719912,-0.102862008404326,0.0329716738197424,-0.4248927038630476,-0.5333861,0.0
23529.47746038437,-0.121452037155095,-0.9203884727322218,0.9926337627174602,-0.1211536756082,0.0249836909871244,-0.3993991416312644,-0.04160559,0.0
23529.4977824688,-0.1398598066097227,-0.9203884727322218,0.99023554950396,-0.1394042915357721,0.018525321888412,-0.322918454935916,0.4182428,0.0
23529.518061876297,-0.1459957297612652,-0.3067961575774072,0.9893615399471216,-0.1454776383966282,0.0150412017167381,-0.1742060085838494,0.76532984,0.0
23529.538413524628,-0.1398598066097227,0.3067961575774072,0.99023554950396,-0.1394042915357721,0.0150412017167381,0.0,0.97817147,0.0
23529.55884027481,-0.1245199987308663,0.7669903939435182,0.9922573969555112,-0.1241984629014095,0.0181854077253218,0.1572103004293275,0.98144865,0.0
23529.57901287079,-0.1030442677004673,1.0737865515209255,0.9946956354719912,-0.102862008404326,0.023793991416309,0.2804291845496113,0.9758557,0.0
23529.59937977791,-0.0692966903669832,1.68737886667574,0.9975999450109996,-0.0692412428690489,0.0311871244635193,0.3696566523608512,0.98123413,0.0
23529.619693279263,-0.0386170746092704,1.5339807878870364,0.9992544534326808,-0.0386074771897162,0.0398549356223176,0.4333905579403084,0.40340325,0.0
23529.639816761017,-0.0048694972757862,1.68737886667574,0.999988144021568,-0.0048694780315528,0.0480128755364806,0.4078969957085254,0.31803623,0.0
23529.66007733345,0.0258101184819265,1.5339807878870364,0.999666937382068,0.0258072529564193,0.0552360515021459,0.3611587982835901,0.32988045,0.0
23529.68044567108,0.0503538110880968,1.2271846302956777,0.9987325146981536,0.0503325350514197,0.0615244635193133,0.3144206008550807,-0.4627014,0.0
23529.70050930977,0.0702955613306101,0.9970875121265736,0.9975302842812732,0.0702376817792452,0.0651785407725322,0.1827038626611106,-0.5051171,0.0
23529.720797777176,0.0810334268458096,0.5368932757604628,0.996718588049564,0.0809447727557721,0.0658583690987124,0.0339914163090437,-0.5940073,0.0
23529.74114513397,0.074897503694267,-0.3067961575774072,0.9971964928923992,0.0748274987093598,0.0644137339055794,-0.0722317596567182,-0.6568784,0.0
23529.76151037216,0.0687615805427244,-0.3067961575774072,0.9976368538508948,0.0687074074499138,0.0615244635193133,-0.1444635193134361,-0.23050487,0.0
23529.78170323372,0.0564897342396393,-0.6135923151548145,0.9984048792116323,0.0564596950612192,0.0579553648068669,-0.1784549356224798,-0.611951,0.0
23529.8020336628,0.0503538110880968,-0.3067961575774072,0.9987325146981536,0.0503325350514197,0.0536214592274678,-0.2166952789701543,-0.05952026,0.0
23529.822358846664,0.0334800224213547,-0.8436894333378699,0.9994395963991888,0.0334737680792951,0.0494575107296137,-0.2081974248928932,-0.38222232,0.0
23529.842633724213,0.0258101184819265,-0.3834951969717591,0.999666937382068,0.0258072529564193,0.0453785407725321,-0.2039484978542625,-0.034137875,0.0
23529.86274242401,0.0196741953303839,-0.3067961575774072,0.9998064692617308,0.0196729261268257,0.0420643776824034,-0.1657081545065883,0.02226535,0.0
23529.883059978485,0.0196741953303839,0.0,0.9998064692617308,0.0196729261268257,0.0396849785407725,-0.1189699570816534,-0.010480915,0.0
23529.90346550941,0.0196741953303839,0.0,0.9998064692617308,0.0196729261268257,0.0381553648068669,-0.0764806866953486,-0.18733057,0.0
23529.923686504364,0.0212081761182696,0.0766990393943518,0.9997751150622464,0.0212065862946447,0.0365407725321888,-0.080729613733979,-0.23313221,0.0
23529.943996429443,0.0258101184819265,0.2300971181804395,0.999666937382068,0.0258072529564193,0.0346712446351931,-0.0934763948488074,-0.24107075,0.0
23529.964168787003,0.0258101184819265,0.0,0.999666937382068,0.0258072529564193,0.0325467811158798,-0.1062231759657619,-0.412156,0.0
23529.98454618454,0.0258101184819265,0.0,0.999666937382068,0.0258072529564193,0.0297424892703862,-0.1402145922748055,-0.47401255,0.0
23530.004821777344,0.0196741953303839,-0.3067961575774072,0.9998064692617308,0.0196729261268257,0.0261733905579399,-0.17845493562248,-0.66091377,0.0
23530.02515935898,0.0104703106030701,-0.4601942363661109,0.9999451867986928,0.0104701192986234,0.0214145922746781,-0.2379399141633064,-0.56610686,0.0
23530.04537987709,0.0043343874515275,-0.3067961575774072,0.9999906065574162,0.0043343738799125,0.015975965665236,-0.2719313304723504,-0.7018082,0.0
23530.065653324127,-0.0079374588515575,-0.6135923151548145,0.9999684985388816,-0.0079373755041987,0.0097725321888412,-0.3101716738200246,-1.0,0.0
23530.085954666138,-0.0263452283061852,-0.9203884727322218,0.9996529845445592,-0.0263421808352133,0.0024643776824034,-0.3654077253222207,-0.8393624,0.0
23530.10622024536,-0.0478209593365842,-1.0737865515209255,0.9988567958097954,-0.0478027349069979,-0.0058635193133047,-0.4163948497857865,-0.711019,0.0
23530.12641787529,-0.0723646519427545,-1.227184630309629,0.9973828209763552,-0.0723015105046057,-0.0143613733905579,-0.4248927038630474,-0.45034713,0.0
23530.146747350693,-0.0953743637610391,-1.1504855909152771,0.9954553119115228,-0.0952298376935125,-0.0222643776824034,-0.3951502145926341,-0.23346043,0.0
23530.16685605049,-0.1183840755793237,-1.1504855909152771,0.993000785432392,-0.1181077479704546,-0.029062660944206,-0.3399141630904378,-0.1804329,0.0
23530.18737244606,-0.1337238834581801,-0.7669903939347985,0.9910722772520428,-0.1333256961821314,-0.0345862660944206,-0.276180257507841,0.4710796,0.0
23530.20745372772,-0.1459957297612652,-0.6135923151548145,0.9893615399471216,-0.1454776383966282,-0.0374755364806866,-0.1444635193134361,0.7978695,0.0
23530.227859020237,-0.1444617489733796,0.0766990393943518,0.9895835357303336,-0.1439598062358092,-0.0367957081545064,0.0339914163090437,1.0,0.0
23530.248277187347,-0.1337238834581801,0.5368932757604628,0.9910722772520428,-0.1333256961821314,-0.0328866952789699,0.1954506437770017,0.9893414,0.0
23530.26846218109,-0.1153161140035524,0.9203884727322218,0.9933584616457496,-0.1150607086576043,-0.02651330472103,0.3186695278972855,0.9999222,0.0
23530.28867673874,-0.0846364982458396,1.5339807878870364,0.9964204691299944,-0.0845354878069683,-0.0183553648068669,0.4078969957085255,0.9999834,0.0
23530.30909371376,-0.0585588248517837,1.303883669703981,0.9982859219172168,-0.058525362894155,-0.0091776824034334,0.4588841201720912,0.54585767,0.0
23530.329403162003,-0.0263452283061852,1.6106798272813885,0.9996529845445592,-0.0263421808352133,-8.49785407725322e-05,0.4546351931334607,0.9529624,0.0
23530.349706172943,-0.0048694972757862,1.0737865515209255,0.999988144021568,-0.0048694780315528,0.0090077253218884,0.4546351931334607,0.62067914,0.0
23530.36974954605,0.0258101184819265,1.5339807878870364,0.999666937382068,0.0258072529564193,0.0179304721030042,0.4461373390561997,1.0,0.0
23530.390084266663,0.053421772663868,1.3805827090983327,0.9985733964314488,0.0533963663497874,0.0271931330472103,0.4631330472107217,0.24562111,0.0
23530.410395860672,0.0810334268458096,1.3805827090983327,0.996718588049564,0.0809447727557721,0.0355210300429184,0.4163948497857863,0.019435748,0.0
23530.430609226227,0.1009751770883229,0.9970875121265736,0.9949063369231992,0.1008036742884986,0.0420643776824034,0.3271673819745467,-0.34832653,0.0
23530.45085167885,0.1117130426035224,0.536893275754359,0.993766584753232,0.1114808280732508,0.0459733905579399,0.1954506437747797,-0.50420684,0.0
23530.471390247345,0.1178489657550649,0.3067961575774072,0.9930638438764636,0.1175763666103969,0.0469931330472103,0.0509871244635656,-0.20466886,0.0
23530.491499900814,0.1147810041792937,-0.1533980787887036,0.9934198895380189,0.1145291363377485,0.0465682403433476,-0.0212446351931526,-0.3543137,0.0
23530.511816501617,0.1117130426035224,-0.1533980787887036,0.993766584753232,0.1114808280732508,0.0457184549356223,-0.0424892703863045,-0.67407775,0.0
23530.53187465668,0.1055771194519798,-0.3067961575774072,0.9944319108797632,0.1053810923459369,0.0431690987124463,-0.1274678111589142,-0.62478375,0.0
23530.552194833755,0.0917712923610091,-0.6902913545491663,0.9957919695188268,0.0916425307475519,0.0389201716738197,-0.2124463519315236,-0.46193942,0.0
23530.57248806953,0.0779654652700383,-0.6902913545491663,0.9969622323650924,0.0778865022812771,0.0339064377682403,-0.2506866952791981,-0.4755754,0.0
23530.592784166336,0.0626256573911819,-0.7669903939435182,0.9980396543457094,0.0625847293954109,0.0287227467811158,-0.2591845493564589,-0.4771327,0.0
23530.61312532425,0.0442178879365542,-0.9203884727322218,0.9990225484699824,0.0442034800501235,0.0232841201716738,-0.2719313304723504,-0.52243567,0.0
23530.63340401649,0.031946041633469,-0.6135923151548145,0.9994897686072266,0.0319406081575255,0.0177605150214592,-0.2761802575109807,-0.3030866,0.0
23530.65360975265,0.0196741953303839,-0.6135923151548145,0.9998064692617308,0.0196729261268257,0.0124068669527897,-0.2676824034337198,-0.48573655,0.0
23530.67400288582,0.0074023490272988,-0.6135923151548145,0.9999726027395416,0.0074022814258139,0.0072231759656652,-0.2591845493564589,-0.48683152,0.0
23530.694372177124,-0.0033355164879006,-0.536893275754359,0.999994437170037,-0.003335510302928,0.0018695278969957,-0.2676824034306766,-0.46585616,0.0
23530.714704036716,-0.0110054204273288,-0.3834951969717591,0.9999394409718514,-0.0110051982672434,-0.0035690987124463,-0.2719313304723503,-0.5577676,0.0
23530.73463153839,-0.0232772667304139,-0.6135923151548145,0.9997290966591008,-0.0232751647293415,-0.0091776824034334,-0.2804291845496113,-0.8814609,0.0
23530.754965543747,-0.0416850361850416,-0.9203884727322218,0.9991313046801958,-0.0416729649539094,-0.0156360515021459,-0.322918454935916,-0.58192253,0.0
23530.77545452118,-0.0585588248517837,-0.8436894333378699,0.9982859219172168,-0.058525362894155,-0.0226042918454935,-0.3484120171676988,-0.3226996,0.0
23530.79572105408,-0.078500575094297,-0.9970875121265736,0.996920411798196,-0.0784199753896622,-0.0291476394849785,-0.3271673819745466,-0.13135421,0.0
